Width 125
Height 30
00000000000000000000000000000000000000000000000000000000000000000000000000000000000000000000011111111111111111111111400000000
00000000000000000000000000000000000000000000000000000000000000000000000000000000000000000000010000000000000000000000400000000
00000000000000000000000000000000000000000000000000000000000000000000000000000000000000000000017000009000000000000000400000000
00000000000000000000000000000000000000000000000000000000000000000000000000000000000000000000011111111111111113000000400000000
00000000000000000000000000000000000000000000000000000000000000000000000000000000000000000000000000000000000000000000400000000
00000000000000000000000000000000000000000000000000000000000000000000000000000000000000000000000000000000000000000900400000000
50000009000000000000000000900000000000000000000000000000000000000000000000000000000000000000000000000000000000000000300000000
00000000000000000000000000000000000000000000000000000000000000000000000000000000000000000000000000000000000000000000300000000
11111133322222222222222233332222222222222222222000000000000000000000000000000000000000000000000000000000000000000000300000000
00000000000000000000000000000000000000000000000000000000000000000000000000000000000000000000000000000000000000000000300000000
00000000000000000000000000000000000000000000000000000000000000000000000000000000000000000000000000000000000000000000300000000
00000000000000000000000000000000000000000000000000000000000000000000000000000000000000000000000000000000000000000000400000000
00000000000000000000000000000000000000000000000000000000000000000000000000000000000000000000000000000000000000000000400000000
00000000000000000000000000000000000000000000000000000000000000000000000000000000000000000000000000000000000000000000400000000
00000000000000000000000000000000000000000000000000000000000000000000000000000000000000000000000000000000000000000000400000000
00000000000000000000000000000000000000000000000000000000000000000000000000000000000000000000000000000000000000000000400000000
00000000000000000000000000000000000000000000000000000000000000000000000000000000000000000000000000000000000000000000400000000
00000000000000000000000000000000000000000000000000000000000000000000000000000000000000000000000000000000000000000000400000000
00000000000000000000000000000000000000000000000000000000000000000000000000000000000000000000000000000000000000000000400000000
00000000000000000000000000000000000000000000000000000000000000000000000000000000000000000000000000000000000000000000000000000
00000000000000000000000000000000000000000000000000000000000000000000000000000000000000000000000000000000000000000000000000000
00000000000000000000000000000000000000000000000000000000000000000000000000000000000000000000000000000000000000000000000000000
00000000000000000000000000000000000000000000000000000000000000000000000000000000000000000000000000000000000000000000000000000
00000000000000000000000000000000000000000000000000000000000000000000000000000000000000000000000090000000000000000000000000000
00000000000000000000000000000000000000000000000000000000000000000000000000000000000000000000000000000000000000000000000000000
00000000000000000000000000000000000000000000000000000000000000000000000000000000000000000000000000000000000000000000000000000
00000000000000000000000000000000000000000000000000000000000000000000000000000000000000000000000000000000000000000000000000000
00000000000000000000000000000000000000000000000000000000000000000000000000000000004444444444444444444444000000000000000000000
00000000000000000000000000000000000000000000000000000000000000000000000000000000000000000000000000000000000000000000000000000
00000000000000000000000000000000000000000000000000000000000000000000000000000000000000000000000000000000000000000000000000000
