Width 60
Height 30
000000000000000000000000000000000000000000000000000000000000
000000000000000000000000000000000000000000000000000000000000
000000000000000000000000000000000000000000000000000000000000
000000000000000000000000000000000000000000000000000000000000
000000000000000000000000000000000000000000000000000000000000
000000000000000000000000000000000000000000000000000000000000
000000000000000000000000000000000000000000000000000000000000
000000000000000000000000000000000000000000000000000000000000
000000000000000000000000000000000000000000000000000000000000
000000000000000000000000000000000000000000000000000000040000
000005000000000000000000000000000000000000000000000000040000
001111100002222222000000022222222000000000000000000090040000
000000000000000000000000000000111000000000000000000000040000
000000000000000000000000000000100000009000000000000000040000
000000000000000000000000000000100000009000000000000000040000
000000000000000000000000000000100000009000000000000000000000
000000000000000000000000000000100000000000000000000000000000
000000000000000000000000000000100000000000000000000000000000
000000000000000000000000000000170000000000000000000000000000
000000000000000000000000000000111000000000000000000000000000
000000000000000000000000000000000000000000000000000000000000
000000000000000000000000000000000000000000000000000000000000
000000000000000000000000000000000000000000000000000000000000
000000000000000000000000000000000000000000000000000000000000
000000000000000000000000000000000000000000000000000000000000
000000000000000000000000000000000000000000000000000000000000
000000000000000000000000000000000000000000000000000000000000
000000000000000000000000000000000000000000000000000000000000
000000000000000000000000000000000000000000000000000000000000
000000000000000000000000000000000000000000000000000000000000