Width 125
Height 30
00000000000000000000000000000000000000000000000000000000000000000000000000000000000000000000000000000000000000000000000000000
00000000000000000000000000000000000000000000000000000000000000000000000000000000000000000000000000000000000000000000000000000
00000000000000000000000000000000000000000000000000000000000000000000000000000000000000000000000000000000000000000000000000000
00000000000000000000000000000000000000000000000000000000000000000000000000000000000000000000000000000000000000000000000000000
00000000000000000000000000000000000000000000000000000000000000000000000000000000000000000000000000000000000000000000000000000
00000000000000000000000000000000000000000000000000000000000000000000000000000000000000000000000000000000000000000000000000000
00000000000000000000000000000000000000000000000000000000000000000000000000000000000000000000000000000000000000000000000000000
00000000000000000000000000000000000000000000000000000000000000000000000000000000000000000000000000000000000000000000000000000
00000000000000000000000000000000000000000000000000000000000000000000000000000000000000000000000000000000000000000000000000000
00000000000000000000000000000000000000000000000000000000000000000000000000000000000000000000000000000000000000000000000000000
00000000000000000000000000000000000000000000000000000000000000000000000000000000000000000000000000000000000000000000000000000
00000000000000000000000000000000000000000000000000000000000000000000000000000000000000000000000000000000000000000000000000000
00000000000000000000000000000000000000000000000000000000000000000000000000000000000000000000000000000000000000000000000000000
00000000400000000000000000000000008000000000000000000000000000000000000000000000000000000000000000000000000000000000000000000
00000000400000000000000222222222222000022222222000022222222222000000000000000000000000000000000000000000000000000000000000000
00000000400000000000000000000000000000000000000000000000000000000000000000000000000000000000000000000000000000000000000000000
00000000400000000000000000000000000000000000000000000000000000000000000000000000000000000000000000000000000000000000000000000
00000000400000000000000000000000090000000000000000000000000000000000000000000000000000000000000000000000000000000000000000000
00000000000000000000000000000000000000000008000000000000000000000000000000000000000000000000000000000000000000000000000000000
00000000000000022222222222222200000000222222222200000222222222000000000044444444444440000000000000000000000000040000000000000
00000000000000000000000000000000000000000000000000000000000000000000000040000000000000000000000000000000000000040000000000000
00000000000000000000000000000000000000000000000000000000000000000000000040000000000000000000000000000000000000040000000000000
00050000000000000000000000000000000000000000000000000000000000000000000040000000000000000000000000000000000000040000000000000
00000000000000000000000000000000000000000900000000000000000000000000000040000000000000000000000000000007000000040000000000000
00000000000000000000000000000000000000000000000000000000000000000000000040000000000000000000000000000000000000000000000000000
11111000022222222222200000222222222222000000022222222222222222222000000000000000000000000000111111111111111110000000000000000
00000000000000000000000000000000000000000000000000000000000000000000000000000000000000000000000000000000000000000000000000000
00000000000000000000000000000000000000000000000000000000000000000000000000000000000000000000000000000000000000000000000000000
00000000000000000000000000000000000000000000000000000000000000000000000000000000000000000000000000000000000000000000000000000
00000000000000000000000000000000000000000000000000000000000000000000000000000000000000000000000000000000000000000000000000000
